Id,SalePrice
1461,126969.97
1462,151415.12
1463,185907.08
1464,201254.1
1465,181356.61
1466,176401.53
1467,171630.98
1468,168309.52
1469,176498.44
1470,125380.766
1471,194939.52
1472,92980.79
1473,96758.81
1474,158807.5
1475,129536.98
1476,419284.97
1477,264397.1
1478,279724.6
1479,269929.44
1480,450452.06
1481,337350.56
1482,202881.19
1483,167673.69
1484,163137.31
1485,167223.17
1486,191713.92
1487,369866.44
1488,246256.72
1489,213439.2
1490,216453.25
1491,184973.72
1492,92489.266
1493,182966.45
1494,280554.22
1495,277019.25
1496,232920.33
1497,181170.27
1498,154347.95
1499,156844.83
1500,154055.19
1501,185824.45
1502,149401.55
1503,290044.06
1504,234644.28
1505,218855.25
1506,187370.84
1507,240552.45
1508,197382.12
1509,166626.78
1510,145513.8
1511,145174.64
1512,165631.12
1513,142662.86
1514,162865.78
1515,178658.89
1516,165051.64
1517,156030.19
1518,120756.31
1519,224757.06
1520,138992.94
1521,142103.52
1522,159685.56
1523,110686.58
1524,130784.69
1525,130819.83
1526,115599.57
1527,101186.69
1528,129839.95
1529,146332.61
1530,176961.12
1531,87477.14
1532,102605.46
1533,128979.0
1534,122211.91
1535,162266.45
1536,116172.18
1537,79207.625
1538,182134.53
1539,199808.89
1540,88242.086
1541,144162.2
1542,131206.42
1543,218833.47
1544,77579.53
1545,109696.734
1546,128540.234
1547,146146.27
1548,133338.94
1549,122492.54
1550,130076.46
1551,111710.875
1552,115692.914
1553,161669.88
1554,114392.945
1555,159763.94
1556,85763.61
1557,95786.4
1558,84953.836
1559,91710.375
1560,129573.71
1561,139865.2
1562,129377.34
1563,120995.0
1564,157857.25
1565,136143.08
1566,227206.67
1567,70477.21
1568,225564.58
1569,146847.44
1570,132735.89
1571,116711.03
1572,150126.94
1573,251067.36
1574,109262.92
1575,221085.88
1576,221736.16
1577,210708.47
1578,155422.5
1579,144701.86
1580,187937.05
1581,153202.38
1582,126883.38
1583,324931.66
1584,234916.31
1585,141217.64
1586,71959.74
1587,97234.336
1588,158977.02
1589,94859.57
1590,135393.28
1591,98411.35
1592,120810.805
1593,124685.53
1594,164895.0
1595,106843.1
1596,238441.03
1597,200178.61
1598,205514.9
1599,192937.19
1600,179591.14
1601,72546.36
1602,113841.22
1603,100285.42
1604,271308.84
1605,240342.97
1606,166748.56
1607,167805.64
1608,217357.17
1609,201109.44
1610,153269.08
1611,131154.48
1612,168652.78
1613,152690.88
1614,118864.52
1615,89713.88
1616,69876.13
1617,88183.79
1618,126901.9
1619,145380.08
1620,139533.22
1621,130268.67
1622,150349.94
1623,284877.03
1624,209494.06
1625,121114.79
1626,164856.66
1627,189398.67
1628,275632.4
1629,169285.3
1630,379306.22
1631,233164.33
1632,251438.84
1633,165103.84
1634,183336.6
1635,180297.45
1636,149057.9
1637,172560.5
1638,209840.88
1639,179960.1
1640,263161.12
1641,183860.66
1642,226138.11
1643,216779.67
1644,220843.81
1645,181812.72
1646,158909.33
1647,163735.08
1648,134998.58
1649,142916.36
1650,121044.32
1651,123643.875
1652,98583.12
1653,97582.766
1654,153394.08
1655,148801.67
1656,145474.77
1657,149779.89
1658,150664.19
1659,136178.95
1660,157092.86
1661,430794.72
1662,390174.62
1663,386700.8
1664,405543.25
1665,344697.38
1666,310960.75
1667,373435.25
1668,332960.6
1669,306452.12
1670,356649.44
1671,264203.62
1672,461952.56
1673,296453.72
1674,263896.28
1675,193499.8
1676,193767.6
1677,219523.05
1678,440738.56
1679,375639.7
1680,326464.47
1681,270274.9
1682,290235.38
1683,175545.12
1684,168257.64
1685,177894.1
1686,168814.55
1687,162643.34
1688,180610.7
1689,189317.97
1690,182221.1
1691,174458.98
1692,265389.4
1693,159322.36
1694,185602.86
1695,157434.16
1696,263875.66
1697,166304.3
1698,385020.44
1699,322226.38
1700,247791.42
1701,260691.89
1702,249933.16
1703,251948.38
1704,291446.12
1705,235026.05
1706,422650.9
1707,228722.39
1708,218601.66
1709,281667.38
1710,222133.89
1711,245323.47
1712,269803.7
1713,267009.4
1714,216378.77
1715,211011.97
1716,185478.52
1717,167519.84
1718,133794.53
1719,192768.0
1720,268600.9
1721,168332.23
1722,136163.61
1723,148674.61
1724,225524.83
1725,239467.14
1726,193653.25
1727,164794.34
1728,164817.06
1729,164258.95
1730,165312.3
1731,127146.5
1732,128374.65
1733,122946.81
1734,113697.734
1735,131357.14
1736,113936.9
1737,343552.34
1738,213066.62
1739,345166.0
1740,227055.22
1741,197884.66
1742,180256.44
1743,177612.53
1744,326951.75
1745,239599.17
1746,197926.86
1747,217892.47
1748,224037.66
1749,149741.23
1750,129960.49
1751,229675.61
1752,120199.2
1753,133484.56
1754,203517.3
1755,173404.27
1756,133514.55
1757,123684.24
1758,135677.2
1759,151174.14
1760,165590.62
1761,131437.38
1762,165706.47
1763,179417.02
1764,115354.45
1765,171048.39
1766,172834.4
1767,206964.72
1768,149820.03
1769,177665.11
1770,150366.38
1771,131998.03
1772,136836.56
1773,126757.9
1774,119978.79
1775,140182.2
1776,132407.58
1777,108423.95
1778,146497.62
1779,123175.67
1780,170163.5
1781,134434.31
1782,88635.44
1783,135370.86
1784,107198.6
1785,120765.33
1786,149570.36
1787,181524.98
1788,48302.52
1789,100325.695
1790,82706.3
1791,197357.58
1792,154474.52
1793,125268.92
1794,151077.94
1795,135776.55
1796,134417.84
1797,103370.016
1798,126149.69
1799,113370.92
1800,141676.5
1801,139720.48
1802,134876.84
1803,145687.33
1804,140651.77
1805,128313.19
1806,118777.125
1807,134773.08
1808,124725.03
1809,129598.47
1810,144495.58
1811,93537.88
1812,109547.84
1813,122005.55
1814,90067.71
1815,50309.992
1816,99767.15
1817,119237.41
1818,145470.11
1819,112523.016
1820,59731.605
1821,101771.445
1822,161202.14
1823,46637.01
1824,141800.27
1825,121713.45
1826,103526.15
1827,102160.77
1828,131519.16
1829,107061.24
1830,145129.7
1831,156490.88
1832,82075.09
1833,143266.66
1834,120413.02
1835,159816.53
1836,131862.48
1837,93287.836
1838,125481.586
1839,80466.766
1840,163182.47
1841,155013.27
1842,80868.69
1843,134744.16
1844,145508.56
1845,132438.17
1846,156301.55
1847,152191.19
1848,53842.117
1849,110878.68
1850,124834.234
1851,146409.66
1852,127268.336
1853,131951.73
1854,168491.61
1855,142577.95
1856,221393.98
1857,158242.83
1858,137176.97
1859,117360.59
1860,151405.1
1861,118333.27
1862,311268.66
1863,295501.72
1864,295501.72
1865,343588.28
1866,340130.12
1867,252770.7
1868,293860.25
1869,202035.58
1870,242200.3
1871,270288.8
1872,164206.94
1873,227211.14
1874,149606.3
1875,200870.64
1876,191655.86
1877,220644.55
1878,209329.22
1879,141587.73
1880,130346.43
1881,238132.86
1882,242720.53
1883,196327.11
1884,221459.45
1885,259022.4
1886,287238.16
1887,207096.16
1888,285867.75
1889,159643.56
1890,139119.47
1891,143391.69
1892,103220.13
1893,134876.27
1894,127287.02
1895,131406.17
1896,119760.086
1897,110159.75
1898,102285.125
1899,156575.84
1900,156467.52
1901,181509.72
1902,141851.02
1903,210867.39
1904,139144.56
1905,204151.03
1906,175095.89
1907,188262.11
1908,109769.2
1909,137388.62
1910,125167.93
1911,226249.88
1912,292942.38
1913,152610.88
1914,73610.945
1915,335936.88
1916,70450.81
1917,260236.23
1918,137431.02
1919,153054.52
1920,135281.19
1921,426812.22
1922,335663.0
1923,219872.83
1924,218857.44
1925,210704.38
1926,412198.28
1927,143511.75
1928,143548.28
1929,128723.18
1930,128007.164
1931,135631.39
1932,137206.69
1933,183366.56
1934,180448.73
1935,169941.97
1936,188726.64
1937,186626.58
1938,169107.33
1939,260705.62
1940,185509.42
1941,177374.39
1942,190365.33
1943,196984.55
1944,377298.94
1945,386935.94
1946,152963.75
1947,327108.44
1948,179712.33
1949,240141.23
1950,182156.53
1951,246848.27
1952,224422.72
1953,167218.98
1954,187485.7
1955,129838.234
1956,305228.2
1957,148055.72
1958,305092.66
1959,134972.55
1960,116960.61
1961,126690.32
1962,95984.75
1963,105545.1
1964,113867.836
1965,152796.55
1966,147206.03
1967,311500.94
1968,468651.6
1969,411477.4
1970,451913.28
1971,460623.2
1972,369566.47
1973,291924.22
1974,321142.78
1975,519062.38
1976,271256.2
1977,366431.66
1978,381455.03
1979,329384.16
1980,202848.2
1981,359733.62
1982,238947.48
1983,216415.53
1984,173795.36
1985,214771.1
1986,208004.7
1987,175693.62
1988,178682.19
1989,183852.84
1990,220679.34
1991,247730.3
1992,210810.83
1993,157691.34
1994,229335.5
1995,178446.8
1996,242951.14
1997,308403.47
1998,338361.78
1999,259741.3
2000,311290.7
2001,261512.39
2002,233809.88
2003,237963.36
2004,236091.88
2005,222368.4
2006,229556.69
2007,246126.1
2008,212947.72
2009,198579.03
2010,181894.55
2011,138905.27
2012,172277.56
2013,185434.58
2014,191380.6
2015,198706.61
2016,197976.55
2017,197879.47
2018,121084.19
2019,135186.2
2020,109369.39
2021,108962.9
2022,183817.22
2023,135470.39
2024,234118.33
2025,352760.5
2026,174770.56
2027,156102.7
2028,146764.33
2029,173473.89
2030,257682.48
2031,232790.12
2032,264626.12
2033,243519.53
2034,162791.72
2035,203976.31
2036,186150.27
2037,208813.0
2038,345540.03
2039,232960.81
2040,343990.44
2041,291609.06
2042,191722.25
2043,174334.28
2044,161627.48
2045,212553.4
2046,137491.2
2047,142444.05
2048,137831.72
2049,137491.03
2050,182653.7
2051,117398.09
2052,140663.1
2053,153860.61
2054,81845.28
2055,149446.94
2056,141434.69
2057,122099.17
2058,232854.6
2059,123470.73
2060,180264.67
2061,179756.98
2062,135750.16
2063,117354.76
2064,136780.1
2065,122681.58
2066,171318.33
2067,111280.44
2068,117414.46
2069,86708.484
2070,109387.74
2071,95590.664
2072,129539.36
2073,134562.16
2074,184957.16
2075,144237.8
2076,124692.53
2077,159149.2
2078,132618.83
2079,127266.4
2080,115617.14
2081,120087.26
2082,137129.56
2083,141822.77
2084,110796.58
2085,129044.11
2086,132479.14
2087,116026.13
2088,91010.88
2089,78137.38
2090,130097.8
2091,124838.35
2092,122962.8
2093,123139.1
2094,129006.836
2095,161214.17
2096,81358.5
2097,96731.76
2098,135484.73
2099,55296.637
2100,83966.93
2101,135149.45
2102,128572.125
2103,99833.016
2104,126168.58
2105,122989.67
2106,76424.62
2107,214837.98
2108,123838.086
2109,113309.29
2110,127995.15
2111,144068.39
2112,129239.03
2113,120866.55
2114,98927.086
2115,163110.38
2116,113189.0
2117,149845.03
2118,124930.516
2119,106853.766
2120,128857.195
2121,87954.65
2122,106040.24
2123,85407.38
2124,189093.1
2125,103764.03
2126,166885.14
2127,146940.45
2128,125292.25
2129,110309.57
2130,142855.89
2131,153891.52
2132,119417.91
2133,118833.36
2134,119266.76
2135,93067.59
2136,77128.66
2137,122115.65
2138,138378.98
2139,149186.3
2140,143104.8
2141,141342.39
2142,130137.54
2143,143653.44
2144,107908.086
2145,133775.1
2146,173646.73
2147,137309.83
2148,130899.164
2149,147630.69
2150,221030.02
2151,122912.27
2152,167169.27
2153,157037.86
2154,113886.734
2155,130315.63
2156,292211.84
2157,211669.38
2158,231816.77
2159,207748.22
2160,161468.66
2161,246252.5
2162,410392.8
2163,301926.47
2164,258906.52
2165,179312.94
2166,149560.47
2167,214265.17
2168,204631.77
2169,191306.16
2170,218302.55
2171,148351.02
2172,141394.38
2173,172001.61
2174,233437.25
2175,288377.9
2176,313077.88
2177,258352.52
2178,207818.08
2179,142007.42
2180,204549.38
2181,191489.81
2182,230256.3
2183,200070.55
2184,130037.414
2185,114908.08
2186,132258.45
2187,150920.02
2188,154494.66
2189,224255.98
2190,82456.414
2191,85932.88
2192,95160.97
2193,102459.07
2194,101304.37
2195,110534.97
2196,106006.35
2197,118865.55
2198,156141.89
2199,179465.66
2200,146651.05
2201,149666.44
2202,232664.36
2203,145239.83
2204,199012.02
2205,111867.734
2206,146703.77
2207,203815.92
2208,241953.64
2209,206913.23
2210,125250.65
2211,117627.75
2212,108715.13
2213,114550.89
2214,112947.28
2215,106883.04
2216,143516.72
2217,91008.11
2218,80623.53
2219,72385.91
2220,81394.51
2221,335915.03
2222,251462.16
2223,286481.2
2224,225624.84
2225,123631.945
2226,171657.83
2227,193954.61
2228,277897.5
2229,247106.9
2230,159897.38
2231,221491.67
2232,170875.48
2233,159375.88
2234,256665.61
2235,226128.67
2236,280075.62
2237,335457.03
2238,207624.0
2239,117508.17
2240,163790.0
2241,155499.62
2242,124393.58
2243,122066.41
2244,108618.1
2245,107570.47
2246,138734.83
2247,107805.84
2248,120568.32
2249,123294.24
2250,136808.9
2251,120777.11
2252,169335.88
2253,159033.81
2254,180608.77
2255,194627.14
2256,179411.86
2257,191561.64
2258,169230.69
2259,181431.44
2260,163121.45
2261,179045.72
2262,212895.66
2263,355030.53
2264,414617.22
2265,182674.72
2266,286450.56
2267,377248.34
2268,407614.38
2269,152880.77
2270,184616.36
2271,228724.81
2272,189735.05
2273,166031.1
2274,181326.33
2275,176718.53
2276,183999.7
2277,177886.42
2278,154949.47
2279,127535.055
2280,120700.54
2281,173178.1
2282,188872.4
2283,105120.336
2284,110667.43
2285,150158.61
2286,127874.19
2287,368025.72
2288,275160.38
2289,394080.8
2290,466780.25
2291,315101.2
2292,446912.0
2293,504238.0
2294,465142.5
2295,465074.44
2296,246308.08
2297,332455.12
2298,342570.4
2299,393655.94
2300,335676.84
2301,293128.94
2302,230145.6
2303,255099.25
2304,241175.4
2305,192640.55
2306,187678.02
2307,193407.8
2308,216483.25
2309,279196.84
2310,220317.61
2311,197236.28
2312,173801.0
2313,179483.25
2314,166543.66
2315,176382.25
2316,174499.34
2317,178931.4
2318,180472.22
2319,172034.62
2320,187143.77
2321,235097.84
2322,171227.83
2323,188347.75
2324,158444.58
2325,206560.4
2326,161036.67
2327,218053.1
2328,227837.05
2329,190185.36
2330,175474.27
2331,378333.28
2332,424794.9
2333,308671.56
2334,263034.06
2335,246399.89
2336,328528.84
2337,220706.1
2338,279700.25
2339,212716.2
2340,396882.47
2341,212041.12
2342,234168.1
2343,224807.77
2344,223168.22
2345,232084.61
2346,221985.22
2347,205265.5
2348,232234.9
2349,165816.28
2350,276697.53
2351,261628.48
2352,245682.64
2353,235109.0
2354,128060.48
2355,149544.62
2356,154914.94
2357,191032.8
2358,196285.17
2359,119048.44
2360,113690.914
2361,140388.05
2362,262506.94
2363,139866.06
2364,157135.97
2365,213152.31
2366,169069.05
2367,195667.39
2368,217578.67
2369,202051.75
2370,177568.34
2371,174454.06
2372,195083.08
2373,268752.66
2374,317630.56
2375,256019.3
2376,300195.72
2377,362949.5
2378,143133.05
2379,186821.6
2380,146410.97
2381,160610.39
2382,199847.98
2383,195038.11
2384,250837.64
2385,161338.66
2386,134751.33
2387,141881.52
2388,99184.76
2389,126693.13
2390,146307.72
2391,140270.03
2392,117999.53
2393,169738.3
2394,148168.92
2395,205799.05
2396,147970.11
2397,213317.1
2398,122478.09
2399,64132.44
2400,43789.52
2401,114385.836
2402,138416.84
2403,132382.98
2404,145925.16
2405,164857.05
2406,136968.05
2407,133829.53
2408,145807.5
2409,132464.14
2410,158388.16
2411,117825.08
2412,160809.67
2413,138488.4
2414,138755.52
2415,122956.13
2416,135124.48
2417,125457.83
2418,127519.85
2419,120602.48
2420,122827.69
2421,151623.97
2422,125303.26
2423,124596.84
2424,153199.8
2425,234492.34
2426,137993.31
2427,148214.7
2428,176822.94
2429,122917.12
2430,129339.89
2431,97023.57
2432,138883.95
2433,159507.11
2434,141845.03
2435,151366.23
2436,114922.64
2437,111533.484
2438,118340.586
2439,111610.92
2440,117546.08
2441,97600.69
2442,97350.445
2443,114115.69
2444,127571.74
2445,70191.38
2446,115640.57
2447,182639.11
2448,132306.83
2449,103871.29
2450,154513.0
2451,118210.35
2452,192747.02
2453,98915.234
2454,126166.85
2455,115971.31
2456,135272.55
2457,129596.0
2458,116147.82
2459,114145.68
2460,135450.67
2461,114739.86
2462,132261.83
2463,125734.02
2464,161467.5
2465,127520.42
2466,106509.305
2467,134185.17
2468,82239.44
2469,80376.85
2470,193315.7
2471,217375.66
2472,164727.3
2473,120337.17
2474,86025.26
2475,198796.73
2476,118226.96
2477,131584.7
2478,148982.47
2479,115882.805
2480,147808.56
2481,118845.34
2482,131685.66
2483,116550.76
2484,121119.28
2485,129036.16
2486,170011.2
2487,183141.25
2488,163250.58
2489,149585.62
2490,152477.47
2491,91962.805
2492,175473.69
2493,136765.19
2494,148765.77
2495,99320.74
2496,228074.52
2497,149393.98
2498,109492.19
2499,105829.555
2500,129839.195
2501,135287.6
2502,151296.22
2503,89280.516
2504,183216.3
2505,221319.52
2506,265824.22
2507,282701.66
2508,260682.22
2509,217640.6
2510,237218.19
2511,179243.9
2512,203078.6
2513,217624.14
2514,252129.97
2515,153502.33
2516,168849.14
2517,147637.89
2518,145990.06
2519,227402.33
2520,208351.61
2521,189557.69
2522,219796.33
2523,126075.39
2524,140351.05
2525,143119.38
2526,135736.84
2527,108739.84
2528,127752.25
2529,139838.23
2530,115882.02
2531,256119.45
2532,231346.64
2533,195608.6
2534,223497.55
2535,336403.75
2536,250445.06
2537,236218.36
2538,180465.19
2539,183843.52
2540,174766.45
2541,181643.53
2542,165760.44
2543,130897.64
2544,131368.14
2545,123978.98
2546,143979.5
2547,134404.92
2548,145619.17
2549,158286.55
2550,325446.12
2551,140832.33
2552,122014.336
2553,78864.73
2554,105031.22
2555,117546.1
2556,104273.12
2557,99553.48
2558,157490.27
2559,136133.88
2560,143394.19
2561,146950.89
2562,124825.95
2563,152985.2
2564,191144.25
2565,147868.12
2566,160831.56
2567,115207.83
2568,205357.56
2569,214451.1
2570,121304.93
2571,176446.34
2572,169068.28
2573,220801.11
2574,269795.78
2575,135306.25
2576,130300.81
2577,165685.06
2578,91488.4
2579,69833.49
2580,133236.02
2581,131911.05
2582,124374.164
2583,267613.12
2584,165626.84
2585,166426.6
2586,210090.9
2587,192196.61
2588,152554.67
2589,147757.8
2590,215762.33
2591,227255.84
2592,215964.86
2593,256885.11
2594,176583.11
2595,204579.02
2596,324219.44
2597,178334.77
2598,280801.34
2599,305441.38
2600,171601.33
2601,145099.53
2602,79845.36
2603,102254.234
2604,90586.13
2605,66073.84
2606,143291.72
2607,189091.92
2608,187805.25
2609,169318.12
2610,116146.734
2611,131155.28
2612,156221.9
2613,129656.31
2614,125455.4
2615,155786.0
2616,141381.61
2617,168383.61
2618,203999.38
2619,208118.23
2620,187321.03
2621,187258.8
2622,184238.4
2623,237806.12
2624,292566.22
2625,338725.44
2626,167463.47
2627,171867.7
2628,423848.2
2629,565294.3
2630,377496.47
2631,482423.5
2632,471916.84
2633,305009.28
2634,429978.62
2635,158308.62
2636,182965.98
2637,190033.33
2638,262320.7
2639,193214.92
2640,152392.92
2641,104154.39
2642,199555.44
2643,103859.33
2644,126865.805
2645,108659.414
2646,96641.92
2647,97998.73
2648,135974.9
2649,150750.27
2650,143411.62
2651,146205.69
2652,415911.5
2653,249062.36
2654,246191.11
2655,398503.06
2656,312808.94
2657,332892.5
2658,296081.94
2659,338794.1
2660,367462.16
2661,379298.03
2662,381653.3
2663,280393.2
2664,279733.9
2665,330982.66
2666,286958.03
2667,168746.45
2668,178133.25
2669,173112.3
2670,291073.06
2671,183477.2
2672,183720.42
2673,216383.8
2674,207858.05
2675,165799.9
2676,186217.48
2677,195515.0
2678,263866.56
2679,260115.56
2680,278733.4
2681,418055.38
2682,322208.4
2683,528214.94
2684,307039.66
2685,346459.22
2686,251387.45
2687,333003.03
2688,214991.17
2689,205695.47
2690,411810.38
2691,203782.25
2692,130776.89
2693,191367.86
2694,131365.73
2695,183939.53
2696,181525.53
2697,182236.77
2698,199498.6
2699,172914.14
2700,163537.84
2701,140236.38
2702,118114.586
2703,130063.86
2704,142911.44
2705,127376.09
2706,118426.1
2707,127549.58
2708,139466.31
2709,114972.67
2710,124470.055
2711,317877.25
2712,391864.7
2713,164775.88
2714,148484.86
2715,171725.2
2716,149259.12
2717,182990.3
2718,216569.75
2719,158859.64
2720,175387.61
2721,136874.62
2722,160560.17
2723,143380.08
2724,133416.14
2725,132387.94
2726,151657.56
2727,182905.52
2728,170780.61
2729,154537.33
2730,142585.48
2731,117657.02
2732,124243.25
2733,155983.34
2734,136498.5
2735,135204.33
2736,134674.84
2737,123792.11
2738,131639.53
2739,157366.22
2740,137218.23
2741,157296.12
2742,154478.75
2743,143730.66
2744,160834.84
2745,135433.9
2746,137104.64
2747,155205.17
2748,128001.34
2749,133061.16
2750,138633.25
2751,144057.05
2752,224034.27
2753,163262.97
2754,204615.2
2755,123253.24
2756,104889.69
2757,75857.36
2758,80808.75
2759,161687.4
2760,124471.86
2761,149235.19
2762,147606.2
2763,187856.42
2764,170053.61
2765,261014.08
2766,148159.97
2767,86232.34
2768,136236.47
2769,129198.13
2770,141403.38
2771,116799.6
2772,122866.875
2773,155727.27
2774,133009.86
2775,114644.53
2776,140128.12
2777,146952.92
2778,114952.62
2779,111301.6
2780,97562.13
2781,102636.54
2782,95243.47
2783,107937.58
2784,126923.01
2785,131653.52
2786,73421.97
2787,117553.38
2788,79433.26
2789,174133.95
2790,87823.93
2791,117647.625
2792,62796.316
2793,164172.44
2794,107404.484
2795,127069.96
2796,116895.94
2797,217460.19
2798,116782.414
2799,116783.75
2800,71489.94
2801,114616.77
2802,137556.34
2803,188880.7
2804,152607.81
2805,99851.016
2806,79295.805
2807,152723.58
2808,152757.45
2809,135477.62
2810,134555.77
2811,152435.77
2812,151194.75
2813,154311.55
2814,148546.56
2815,114735.555
2816,234856.38
2817,155984.06
2818,133600.77
2819,158439.25
2820,125023.51
2821,94404.04
2822,193194.47
2823,312681.8
2824,182648.3
2825,163993.17
2826,132539.11
2827,131677.28
2828,228572.45
2829,185882.6
2830,237360.67
2831,183935.05
2832,251745.88
2833,280850.56
2834,207043.92
2835,205602.36
2836,196155.48
2837,152057.83
2838,143906.08
2839,183053.9
2840,202317.45
2841,200960.52
2842,220213.56
2843,148970.6
2844,159556.38
2845,123123.45
2846,207179.19
2847,202244.45
2848,222523.98
2849,206698.27
2850,274597.9
2851,233946.66
2852,225875.48
2853,241189.78
2854,142937.89
2855,206259.77
2856,203298.55
2857,185531.5
2858,202988.5
2859,128244.2
2860,135234.11
2861,133985.81
2862,185983.75
2863,129480.89
2864,249821.3
2865,142074.1
2866,133435.56
2867,93124.81
2868,97784.74
2869,115099.375
2870,143567.03
2871,87177.36
2872,49953.105
2873,102330.516
2874,132275.05
2875,108679.734
2876,170161.97
2877,142560.33
2878,175215.06
2879,132025.39
2880,93869.85
2881,152638.75
2882,178221.0
2883,195114.48
2884,209200.2
2885,201344.17
2886,201480.38
2887,102730.414
2888,132463.66
2889,50809.73
2890,80266.04
2891,145573.61
2892,63945.613
2893,107159.586
2894,64870.047
2895,317910.3
2896,282755.38
2897,211459.55
2898,152809.55
2899,219946.75
2900,155329.36
2901,225425.39
2902,180332.73
2903,348828.72
2904,353982.78
2905,97106.625
2906,204057.11
2907,114278.875
2908,130414.64
2909,142612.5
2910,82010.55
2911,79080.34
2912,142566.75
2913,68887.82
2914,71492.38
2915,80149.96
2916,66489.98
2917,156745.17
2918,121405.96
2919,199226.8
